1 -51.76 71.708 -51.52 71.777
2 -52.496 71.708 -52.314 71.76
3 -52.656 72.016 -52.461 72.097
4 -54.30 72.763 -54.13 72.81
5 -54.412 72.820 -54.152 72.872
6 -54.39 72.910 -54.112 72.977
7 -54.467 72.969 -54.22 73.052
8 -54.709 72.974 -54.589 73.031
9 -54.92 73.021 -54.813 73.055
10 -55.128 73.156 -55.007 73.189
11 -55.22 73.20 -55.05 73.25
12 -55.07 73.364 -54.99 73.387
13 -55.425 73.422 -55.23 73.47
14 -55.51 73.455 -55.25 73.515
15 -55.672 73.56 -55.475 73.61
16 -55.73 73.815 -55.54 73.87
17 -55.85 73.91 -55.65 73.97
18 -56.17 74.21 -55.96 74.26
19 -56.17 74.27 -56.01 74.315
20 -56.27 74.36 -55.93 74.44
21 -56.25 74.57 -55.85 74.66
22 -56.44 74.68 -56.22 74.75
23 -56.73 74.75 -56.43 74.84
24 -56.90 74.83 -56.65 74.89
25 -57.00 74.87 -56.82 74.93
26 -57.22 74.90 -56.98 74.97
27 -57.90 74.97 -57.30 75.13
28 -57.93 75.12 -57.48 75.23
29 -57.93 75.12 -57.48 75.23
30 -58.31 75.23 -57.65 75.37
31 -58.20 75.43 -57.88 75.49
32 -58.40 75.52 -57.90 75.64
33 -58.669 75.716 -58.3156 75.8104
34 -59.05 75.69 -58.66 75.79
35 -59.25 75.78 -58.85 75.87
36 -59.28 75.86 -59.09 75.90
37 -59.4814 75.93 -59.315 75.9672
38 -59.55 75.964 -59.44 75.988
39 -59.93 75.96 -59.60 76.03
40 -60.10 76.03 -59.85 76.09
41 -60.25 76.05 -60.09 76.10
42 -60.82 76.02 -60.53 76.08
43 -60.83 76.16 -60.60 76.22
44 -61.16 76.20 -60.85 76.26
45 -61.3034 76.2218 -61.20146 76.254
46 -61.50 76.22 -61.31 76.26
47 -61.93 76.23 -61.70 76.268
48 -62.03 76.262 -61.80 76.306
49 -62.07 76.305 -61.85 76.34
50 -62.088 76.3078 -61.743 76.36733
51 -62.73 76.25 -62.34 76.34
52 -63.0 76.32 -62.73 76.46
53 -63.163 76.3823 -62.853 76.4827
54 -63.48 76.38 -63.22 76.45
55 -63.68 76.36 -63.43 76.42
56 -64.24 76.30 -63.85 76.39
57 -64.46 76.33 -64.21 76.39
58 -64.69 76.264 -64.55 76.297
59 -64.98 76.172 -64.77 76.21
60 -65.35 76.187 -65.20 76.214
61 -65.74 76.29 -65.36 76.38
62 -66.126 76.2649 -65.8755 76.3378
63 -66.98 76.29 -66.72 76.35
64 -67.40 76.23 -67.20 76.28
65 -67.70 76.15 -67.28 76.23
66 -68.90 76.208 -68.67 76.26
67 -67.92 76.56 -67.53 76.63
68 -68.06 76.685 -67.86 76.723
69 -68.44 76.675 -68.25 76.715
70 -69.69 76.983 -69.54 77.014
71 -66.17 77.236 -65.95 77.285
72 -66.14 77.512 -65.90 77.56
73 -66.18 77.626 -65.95 77.676
74 -66.37 77.683 -66.17 77.715
75 -67.20 77.672 -67.07 77.695
76 -67.90 77.52 -67.73 77.55
77 -68.68 77.666 -68.51 77.70
78 -70.00 77.832 -69.81 77.872
79 -71.29 77.867 -71.01 77.915
80 -71.74 77.92 -71.49 77.967
81 -71.74 77.92 -71.49 77.967
82 -72.02 77.919 -71.91 77.944
83 -72.24 78.013 -72.14 78.034
84 -72.75 78.158 -72.59 78.19
85 -66.51 79.107 -62.57 79.987
86 -62.07 80.853 -60.45 81.038
87 -57.37 81.31 -57.14 81.343
88 -54.86 81.463 -54.27 81.591
89 -50.93 81.472 -50.50 81.537
90 -51.07 81.724 -50.18 81.864
91 -46.09 81.51 -44.74 81.675
92 -45.82 81.783 -45.36 81.841
93 -42.85 82.097 -42.52 82.141
94 -42.13 82.348 -41.78 82.376
95 -40.55 82.254 -40.18 82.29
96 -40.27 82.229 -39.98 82.281
97 -33.11 81.757 -32.73 81.81
98 -32.82 81.60 -32.02 81.669
99 -28.10 81.35 -27.18 81.504
100 -20.65 79.679 -19.96 79.842
101 -20.43 79.393 -19.12 79.70
102 -21.27 78.829 -20.44 79.02
103 -22.13 77.463 -21.50 77.573
104 -22.29 76.83 -22.03 76.893
105 -23.07 76.50 -22.14 76.835
106 -22.57 76.504 -22.33 76.554
107 -22 76.182 -21.71 76.228
108 -22.40 75.63 -22.12 75.69
109 -22.55 75.154 -22.42 75.181
110 -24.47 73.779 -24.07 73.864
111 -25.92 73.929 -25.72 73.969
112 -27.34 73.484 -27.17 73.526
113 -27.52 73.440 -27.37 73.471
114 -27.84 73.111 -27.67 73.148
115 -27.507 72.827 -27.40 72.856
116 -28.77 72.079 -28.61 72.13
117 -28.91 72.038 -28.82 72.063
118 -28.77 71.867 -28.47 71.946
119 -28.36 70.545 -28.19 70.606
120 -29.18 70.437 -29.07 70.473
121 -29.21 70.357 -29.04 70.403
122 -28.05 69.976 -27.90 70.035
123 -27.94 71.115 -27.78 71.161
124 -27.51 69.927 -27.37 69.978
125 -27.33 69.94 -27.17 69.99
126 -26.40 70.16 -26.22 70.213
127 -25.30 70.232 -25.14 70.288
128 -23.89 70.108 -23.80 70.135
129 -23.60 70.091 -23.54 70.120
130 -22.95 69.950 -22.81 69.984
131 -24.055 69.571 -23.93 69.614
132 -25.29 69.278 -25.074 69.342
133 -25.57 69.211 -25.36 69.249
134 -26.03 68.941 -25.83 68.972
135 -26.2 68.846 -26.03 68.892
136 -26.46 68.774 -26.33 68.827
137 -27.09 68.733 -26.95 68.808
138 -27.427 68.622 -27.347 68.654
139 -27.57 68.626 -27.47 68.653
140 -28.16 68.563 -27.942 68.648
141 -28.536 68.465 -28.419 68.507
142 -28.70 68.409 -28.603 68.457
143 -28.866 68.383 -28.758 68.439
144 -29.29 68.432 -29.168 68.485
145 -30.247 68.344 -29.967 68.452
146 -30.922 68.273 -30.755 68.328
147 -31.578 68.259 -31.457 68.297
148 -31.806 68.279 -31.7037 68.3186
149 -32.244 68.488 -32.153 68.526
150 -32.465 68.62 -32.41 68.638
151 -32.62 68.627 -32.56 68.645
152 -33.05 68.52 -32.71 68.66
153 -32.96 68.545 -32.865 68.57
154 -32.879 68.53 -32.812 68.5563
155 -32.269 68.132 -32.205 68.157
156 -32.200 68.052 -31.992 68.135
157 -32.574 67.853 -32.300 67.932
158 -32.709 67.821 -32.575 67.879
159 -32.799 67.756 -32.701 67.790
160 -33.416 67.726 -33.293 67.774
161 -33.498 67.598 -33.198 67.68
162 -33.5 67.524 -33.329 67.593
163 -33.636 67.398 -33.413 67.451
164 -33.793 67.209 -33.677 67.24
165 -34.13 66.997 -34.047 67.023
166 -34.134 66.905 -34.05 66.945
167 -34.33 66.683 -34.27 66.71
168 -34.499 66.736 -34.429 66.756
169 -34.591 66.617 -34.526 66.641
170 -34.609 66.547 -34.501 66.597
171 -34.61 66.484 -34.453 66.55
172 -34.752 66.439 -34.609 66.490
173 -35.310 66.359 -35.224 66.394
174 -36.0 66.423 -35.885 66.462
175 -36.36 66.07 -36.295 66.098
176 -36.59 66.074 -36.53 66.094
177 -36.71 66.083 -36.65 66.108
178 -36.77 66.405 -36.715 66.422
179 -36.78 66.452 -36.598 66.505
180 -37.63 66.332 -37.477 66.40
181 -38.28 66.32 -38.07 66.41
182 -38.475 65.975 -38.43 65.997
183 -38.49 65.916 -38.404 65.948
184 -39.291 65.745 -39.243 65.775
185 -39.7 65.646 -39.559 65.72
186 -39.739 65.592 -39.571 65.65
187 -39.976 65.570 -39.885 65.606
188 -40.05 65.537 -39.94 65.576
189 -40.180 65.488 -40.088 65.527
190 -39.95 65.36 -39.89 65.385
191 -40.085 65.22 -40.0 65.25
192 -40.083 65.139 -40.037 65.163
193 -40.195 65.063 -40.132 65.11
194 -40.559 65.148 -40.520 65.16
195 -40.749 65.163 -40.602 65.227
196 -41.207 65.137 -41.072 65.187
197 -41.286 64.939 -41.099 65.023
198 -41.138 64.846 -41.012 64.89
199 -40.985 64.78 -40.858 64.822
200 -40.881 64.718 -40.766 64.760
201 -40.78 64.711 -40.70 64.732
202 -40.724 64.661 -40.631 64.695
203 -40.636 64.56 -40.55 64.59
204 -40.75 64.444 -40.56 64.529
205 -40.69 64.38 -40.64 64.417
206 -40.859 64.373 -40.777 64.398
207 -40.88 64.353 -40.81 64.409
208 -40.901 64.351 -40.873 64.365
209 -41.342 64.338 -41.29 64.36
210 -41.563 64.306 -41.47 64.353
211 -41.57 64.308 -41.525 64.321
212 -41.68 64.217 -41.50 64.27
213 -41.56 64.144 -41.44 64.187
214 -41.063 64.06 -40.999 64.09
215 -40.999 64.025 -40.952 64.069
216 -40.88 63.925 -40.825 63.95
217 -40.75 63.878 -40.7 63.91
218 -40.69 63.792 -40.62 63.814
219 -40.706 63.701 -40.644 63.72
220 -40.88 63.678 -40.849 63.69
221 -40.964 63.684 -40.92 63.697
222 -41.544 63.848 -41.36 63.93
223 -41.771 63.787 -41.607 63.87
224 -41.708 63.663 -41.612 63.755
225 -41.59 63.72 -41.541 63.737
226 -41.794 63.544 -41.746 63.58
227 -41.903 63.19 -41.798 63.258
228 -42.237 63.188 -42.115 63.236
229 -42.677 62.837 -42.547 62.899
230 -42.76 62.775 -42.71 62.797
231 -43.256 62.741 -43.137 62.795
232 -43.152 62.66 -43.099 62.685
233 -43.16 62.53 -43.04 62.58
234 -43.13 62.471 -43.0 62.508
235 -43.05 62.4 -42.965 62.435
236 -42.76 62.37 -42.69 62.408
237 -42.633 62.30 -42.59 62.32
238 -42.589 62.295 -42.507 62.328
239 -42.355 62.22 -42.318 62.25
240 -42.52 62.054 -42.386 62.099
241 -42.67 62.01 -42.58 62.04
242 -42.605 61.907 -42.53 61.94
243 -42.795 61.807 -42.741 61.837
244 -42.88 61.78 -42.81 61.804
245 -42.934 61.721 -42.836 61.756
246 -42.686 61.672 -42.618 61.703
247 -43.15 61.568 -43.011 61.63
248 -43.02 61.49 -42.91 61.526
249 -42.72 61.418 -42.56 61.467
250 -43.009 61.326 -42.946 61.35
251 -43.341 61.31 -43.197 61.35
252 -43.25 61.193 -43.18 61.219
253 -43.83 61.1 -43.76 61.12
254 -43.68 61.065 -43.64 61.1
255 -43.520 60.905 -43.445 60.941
256 -43.615 60.828 -43.56 60.855
257 -43.607 60.68 -43.55 60.702
258 -43.85 60.71 -43.75 60.745
259 -44.23 60.626 -44.19 60.64
260 -44.16 60.418 -44.12 60.45
261 -44.512 60.79 -44.476 60.825
262 -45.12 61.19 -45.03 61.25
263 -45.26 61.18 -45.13 61.23
264 -45.836 61.29 -45.741 61.345
265 -46.09 61.26 -46.05 61.29
266 -46.19 61.225 -46.07 61.27
267 -46.96 61.0 -46.895 61.03
268 -47.853 61.297 -47.832 61.312
269 -48.39 61.556 -48.235 61.618
270 -48.813 61.93 -48.637 61.992
271 -48.857 62.060 -48.762 62.085
272 -49.06 62.18 -48.97 62.215
273 -49.684 64.256 -49.52 64.321
274 -49.7 64.322 -49.527 64.379
275 -50.102 64.613 -49.893 64.684
276 -50.407 68.86 -50.202 68.935
277 -50.276 68.922 -50.112 68.969
278 -49.83 69.105 -49.47 69.27
279 -50.392 69.336 -50.220 69.390
280 -50.293 69.772 -50.13 69.826
281 -50.432 69.872 -50.218 69.944
282 -50.352 69.954 -49.929 70.045
283 -50.421 70.03 -50.104 70.103
284 -50.682 70.352 -50.413 70.446
285 -50.56 70.512 -50.46 70.542
286 -50.679 70.616 -50.577 70.648
287 -50.71 70.703 -50.606 70.735
288 -50.881 70.783 -50.634 70.866
289 -50.971 70.957 -50.805 71.004
290 -51.530 71.229 -51.393 71.267
291 -51.464 71.436 -51.258 71.481
292 -34.923 66.352 -34.850 66.380
293 -21.50 78.188 -21.20 78.237
294 -30.46 68.263 -30.39 68.287
295 -28.36 70.955 -28.285 70.977
